a = 5.000000
b = 20.000000
c = 5.000000
